49 843 843 843 843 843 843 843 843 843 843 843 843 843 843 843 843 843 843 843 843 843 251 251 251 251 251 251 251 251 251 251 251 251 251 251 251 251 251 251 251 251 251 251 251 251 251 251 251 251
21 251
9 254 254 254 533 533 533 533 533 533
6 533
26 274 274 274 274 274 274 274 274 274 806 806 806 806 806 806 806 806 806 806 806 806 256 256 256 256 256 
12 256
59 747 747 747 747 747 747 747 649 649 649 649 649 649 649 575 575 575 575 575 575 575 520 520 520 520 520 520 520 961 961 961 961 961 961 961 845 845 845 845 845 845 845 922 922 922 922 922 922 922 844 844 844 844 844 844 844 844 844 844
7 1104
62 910 910 910 910 910 910 910 910 777 777 777 777 777 777 777 777 818 818 818 818 818 818 818 818 588 588 588 588 588 588 588 588 648 648 648 648 648 648 648 648 561 561 561 561 561 561 561 561 974 974 974 974 974 974 974 974 974 974 974 974 974 974
5 515
90 897 897 897 897 897 897 897 897 897 897 897 984 984 984 984 984 984 984 984 984 984 984 695 695 695 695 695 695 695 695 695 695 695 592 592 592 592 592 592 592 592 592 592 592 642 642 642 642 642 642 642 642 642 642 642 928 928 928 928 928 928 928 928 928 928 928 839 839 839 839 839 839 839 839 839 839 839 643 643 643 643 643 643 643 643 643 643 643 643 643
8 432
99 800 800 800 800 800 800 800 800 800 800 800 800 800 800 800 800 800 800 800 687 687 687 687 687 687 687 687 687 687 687 687 687 687 687 687 687 687 687 728 728 728 728 728 728 728 728 728 728 728 728 728 728 728 728 728 728 728 729 729 729 729 729 729 729 729 729 729 729 729 729 729 729 729 729 729 729 598 598 598 598 598 598 598 598 598 598 598 598 598 598 598 598 598 598 598 598 598 598 598
19 991
72 728 728 728 728 728 728 728 728 728 728 728 728 728 728 582 582 582 582 582 582 582 582 582 582 582 582 582 582 906 906 906 906 906 906 906 906 906 906 906 906 906 906 661 661 661 661 661 661 661 661 661 661 661 661 661 661 541 541 541 541 541 541 541 541 541 541 541 541 541 541 541 541
10 288